0.149398 0.049588 0.249199
0.152919 0.054745 0.253736
0.156496 0.059987 0.258247
0.159969 0.065016 0.262778
0.163525 0.070056 0.267266
0.167008 0.075019 0.271759
0.170456 0.079947 0.276266
0.173900 0.084871 0.280696
0.177342 0.089731 0.285140
0.180717 0.094578 0.289575
0.184111 0.099319 0.293961
0.187501 0.104078 0.298337
0.190813 0.108804 0.302687
0.194165 0.113541 0.307029
0.197447 0.118218 0.311337
0.200706 0.122809 0.315632
0.204011 0.127461 0.319895
0.207248 0.132091 0.324123
0.210466 0.136655 0.328350
0.213679 0.141260 0.332561
0.216886 0.145810 0.336726
0.220068 0.150324 0.340889
0.223230 0.154821 0.345027
0.226384 0.159315 0.349148
0.229493 0.163826 0.353249
0.232627 0.168251 0.357344
0.235749 0.172698 0.361399
0.238826 0.177143 0.365448
0.241922 0.181531 0.369482
0.244975 0.185967 0.373501
0.248066 0.190326 0.377505
0.251108 0.194719 0.381495
0.254144 0.199037 0.385456
0.257167 0.203398 0.389421
0.260180 0.207722 0.393361
0.263192 0.212047 0.397290
0.266185 0.216347 0.401216
0.269177 0.220632 0.405109
0.272120 0.224858 0.408999
0.275103 0.229135 0.412882
0.278059 0.233357 0.416739
0.280986 0.237619 0.420579
0.283931 0.241821 0.424419
0.286850 0.246005 0.428243
0.289779 0.250185 0.432062
0.292684 0.254385 0.435852
0.295585 0.258531 0.439632
0.298479 0.262681 0.443405
0.301363 0.266805 0.447158
0.304253 0.270938 0.450909
0.307134 0.275034 0.454648
0.310028 0.279136 0.458360
0.312894 0.283209 0.462069
0.315795 0.287256 0.465758
0.318680 0.291326 0.469456
0.321583 0.295346 0.473109
0.324509 0.299381 0.476770
0.327465 0.303369 0.480409
0.330457 0.307358 0.484027
0.333497 0.311332 0.487644
0.336569 0.315280 0.491231
0.339728 0.319202 0.494783
0.342946 0.323098 0.498316
0.346231 0.326937 0.501804
0.349639 0.330749 0.505246
0.353141 0.334526 0.508659
0.356761 0.338203 0.511988
0.360478 0.341834 0.515256
0.364344 0.345364 0.518447
0.368336 0.348798 0.521523
0.372436 0.352103 0.524501
0.376680 0.355306 0.527353
0.381021 0.358328 0.530063
0.385449 0.361204 0.532628
0.389980 0.363913 0.535025
0.394591 0.366456 0.537268
0.399249 0.368802 0.539323
0.403968 0.370950 0.541213
0.408703 0.372929 0.542941
0.413460 0.374730 0.544490
0.418210 0.376357 0.545886
0.422963 0.377803 0.547120
0.427720 0.379104 0.548225
0.432452 0.380267 0.549192
0.437163 0.381305 0.550042
0.441861 0.382211 0.550791
0.446534 0.383040 0.551451
0.451205 0.383771 0.552033
0.455862 0.384422 0.552542
0.460509 0.385015 0.552992
0.465166 0.385557 0.553398
0.469835 0.386057 0.553770
0.474496 0.386523 0.554111
0.479169 0.386962 0.554424
0.483853 0.387380 0.554716
0.488567 0.387781 0.554990
0.493288 0.388171 0.555253
0.498054 0.388552 0.555506
0.502812 0.388925 0.555754
0.507621 0.389288 0.555999
0.512442 0.389645 0.556243
0.517305 0.390003 0.556487
0.522175 0.390367 0.556730
0.527097 0.390735 0.556973
0.532035 0.391100 0.557213
0.537010 0.391462 0.557451
0.541999 0.391823 0.557687
0.547031 0.392185 0.557924
0.552093 0.392552 0.558163
0.557182 0.392921 0.558405
0.562299 0.393292 0.558651
0.567440 0.393666 0.558899
0.572616 0.394041 0.559149
0.577808 0.394419 0.559400
0.583041 0.394800 0.559652
0.588298 0.395186 0.559905
0.593592 0.395573 0.560158
0.598907 0.395958 0.560411
0.604255 0.396341 0.560666
0.609620 0.396726 0.560923
0.615013 0.397121 0.561184
0.620449 0.397525 0.561451
0.625894 0.397931 0.561722
0.631378 0.398336 0.561996
0.636886 0.398744 0.562273
0.642418 0.399158 0.562555
0.647973 0.399585 0.562845
0.653563 0.400033 0.563145
0.659176 0.400500 0.563460
0.664815 0.400976 0.563790
0.670490 0.401460 0.564139
0.676175 0.401976 0.564509
0.681882 0.402540 0.564911
0.687621 0.403152 0.565355
0.693373 0.403810 0.565850
0.699135 0.404519 0.566402
0.704915 0.405322 0.567017
0.710697 0.406210 0.567703
0.716476 0.407190 0.568479
0.722232 0.408296 0.569360
0.727976 0.409541 0.570359
0.733683 0.410936 0.571490
0.739343 0.412502 0.572770
0.744923 0.414238 0.574189
0.750429 0.416181 0.575798
0.755829 0.418327 0.577562
0.761106 0.420701 0.579532
0.766241 0.423298 0.581675
0.771219 0.426126 0.584021
0.776012 0.429187 0.586560
0.780614 0.432475 0.589283
0.785014 0.435968 0.592208
0.789194 0.439667 0.595288
0.793152 0.443565 0.598539
0.796880 0.447626 0.601947
0.800395 0.451872 0.605489
0.803685 0.456241 0.609170
0.806770 0.460738 0.612942
0.809652 0.465347 0.616830
0.812347 0.470062 0.620796
0.814874 0.474845 0.624828
0.817246 0.479688 0.628925
0.819477 0.484575 0.633073
0.821594 0.489517 0.637264
0.823596 0.494505 0.641483
0.825509 0.499498 0.645737
0.827347 0.504541 0.650018
0.829122 0.509579 0.654310
0.830838 0.514643 0.658619
0.832510 0.519709 0.662950
0.834152 0.524795 0.667280
0.835759 0.529889 0.671620
0.837350 0.534985 0.675972
0.838917 0.540088 0.680323
0.840479 0.545204 0.684687
0.842027 0.550320 0.689060
0.843562 0.555436 0.693425
0.845101 0.560568 0.697795
0.846629 0.565694 0.702170
0.848157 0.570831 0.706555
0.849687 0.575982 0.710932
0.851204 0.581115 0.715310
0.852732 0.586266 0.719688
0.854247 0.591415 0.724061
0.855767 0.596568 0.728434
0.857278 0.601720 0.732809
0.858790 0.606882 0.737171
0.860301 0.612034 0.741525
0.861805 0.617197 0.745877
0.863305 0.622351 0.750217
0.864794 0.627513 0.754550
0.866283 0.632672 0.758860
0.867765 0.637826 0.763157
0.869237 0.642976 0.767437
0.870696 0.648120 0.771704
0.872155 0.653261 0.775942
0.873596 0.658400 0.780158
0.875029 0.663533 0.784355
0.876448 0.668648 0.788517
0.877860 0.673753 0.792652
0.879254 0.678846 0.796755
0.880638 0.683926 0.800833
0.882009 0.689002 0.804876
0.883365 0.694043 0.808889
0.884708 0.699078 0.812861
0.886039 0.704096 0.816809
0.887350 0.709096 0.820716
0.888655 0.714064 0.824592
0.889941 0.719018 0.828437
0.891217 0.723946 0.832249
0.892483 0.728852 0.836025
0.893731 0.733734 0.839775
0.894974 0.738590 0.843484
0.896200 0.743422 0.847169
0.897419 0.748225 0.850825
0.898621 0.752994 0.854456
0.899821 0.757748 0.858054
0.901005 0.762466 0.861629
0.902184 0.767160 0.865173
0.903354 0.771829 0.868701
0.904511 0.776466 0.872195
0.905666 0.781073 0.875665
0.906806 0.785653 0.879109
0.907943 0.790200 0.882531
0.909064 0.794722 0.885935
0.910187 0.799215 0.889309
0.911295 0.803673 0.892662
0.912398 0.808105 0.895990
0.913495 0.812503 0.899297
0.914580 0.816876 0.902578
0.915655 0.821214 0.905838
0.916731 0.825521 0.909068
0.917797 0.829803 0.912281
0.918846 0.834050 0.915465
0.919896 0.838262 0.918629
0.920932 0.842447 0.921773
0.921969 0.846592 0.924884
0.922991 0.850710 0.927975
0.924005 0.854799 0.931044
0.925008 0.858848 0.934082
0.926008 0.862872 0.937103
0.926993 0.866851 0.940094
0.927973 0.870802 0.943059
0.928943 0.874719 0.945994
0.929907 0.878601 0.948908
0.930860 0.882447 0.951795
0.931799 0.886264 0.954659
0.932730 0.890039 0.957494
0.933653 0.893782 0.960305
0.934567 0.897496 0.963089
0.935473 0.901172 0.965848
0.936370 0.904822 0.968590
0.937254 0.908442 0.971306
0.938129 0.912033 0.974003
0.938996 0.915599 0.976685
0.939858 0.919150 0.979353
