0.000030 0.229985 0.280027
0.001937 0.231185 0.278899
0.003823 0.232353 0.277758
0.005689 0.233502 0.276626
0.007540 0.234711 0.275495
0.009384 0.235876 0.274343
0.011320 0.237059 0.273218
0.013214 0.238208 0.272060
0.015038 0.239392 0.270951
0.016856 0.240549 0.269816
0.018674 0.241751 0.268677
0.020495 0.242915 0.267509
0.022322 0.244096 0.266389
0.024157 0.245285 0.265232
0.026000 0.246485 0.264098
0.027856 0.247699 0.262937
0.029726 0.248899 0.261773
0.031613 0.250081 0.260606
0.033509 0.251327 0.259446
0.035687 0.252540 0.258244
0.037634 0.253772 0.257072
0.039643 0.255022 0.255864
0.041713 0.256245 0.254681
0.043589 0.257513 0.253457
0.045623 0.258791 0.252233
0.047645 0.260069 0.250998
0.049735 0.261359 0.249731
0.051706 0.262667 0.248502
0.053748 0.263996 0.247215
0.055866 0.265311 0.245919
0.057875 0.266660 0.244616
0.060100 0.268009 0.243307
0.062187 0.269409 0.241996
0.064327 0.270798 0.240637
0.066497 0.272175 0.239299
0.068755 0.273622 0.237932
0.070942 0.275049 0.236554
0.073221 0.276512 0.235157
0.075425 0.277976 0.233707
0.077700 0.279470 0.232294
0.080057 0.280949 0.230838
0.082458 0.282498 0.229363
0.084825 0.284018 0.227899
0.087266 0.285567 0.226403
0.089667 0.287143 0.224852
0.092140 0.288749 0.223347
0.094646 0.290346 0.221782
0.097096 0.291988 0.220236
0.099654 0.293622 0.218640
0.102230 0.295287 0.217041
0.104793 0.296985 0.215409
0.107470 0.298676 0.213777
0.110156 0.300389 0.212136
0.112837 0.302120 0.210447
0.115516 0.303880 0.208757
0.118284 0.305673 0.207066
0.120993 0.307442 0.205325
0.123792 0.309275 0.203598
0.126631 0.311094 0.201814
0.129494 0.312929 0.200033
0.132376 0.314788 0.198253
0.135276 0.316681 0.196473
0.138225 0.318577 0.194648
0.141186 0.320505 0.192783
0.144156 0.322434 0.190916
0.147160 0.324371 0.189051
0.150213 0.326337 0.187163
0.153249 0.328333 0.185265
0.156384 0.330337 0.183306
0.159467 0.332368 0.181356
0.162642 0.334405 0.179413
0.165783 0.336444 0.177459
0.169027 0.338518 0.175442
0.172225 0.340614 0.173435
0.175480 0.342727 0.171412
0.178780 0.344842 0.169404
0.182060 0.346990 0.167337
0.185437 0.349142 0.165228
0.188781 0.351317 0.163184
0.192156 0.353503 0.161080
0.195568 0.355724 0.158957
0.198997 0.357948 0.156820
0.202468 0.360178 0.154657
0.205986 0.362442 0.152483
0.209484 0.364713 0.150328
0.213016 0.367009 0.148118
0.216616 0.369318 0.145929
0.220209 0.371634 0.143691
0.223809 0.373989 0.141459
0.227468 0.376350 0.139161
0.231142 0.378714 0.136910
0.234852 0.381114 0.134651
0.238545 0.383518 0.132330
0.242301 0.385927 0.130041
0.246068 0.388375 0.127672
0.249860 0.390832 0.125329
0.253703 0.393295 0.122929
0.257542 0.395790 0.120564
0.261416 0.398289 0.118223
0.265305 0.400815 0.115807
0.269241 0.403338 0.113406
0.273173 0.405887 0.110961
0.277137 0.408440 0.108466
0.281106 0.411019 0.106063
0.285114 0.413608 0.103590
0.289163 0.416209 0.101069
0.293200 0.418824 0.098595
0.297285 0.421449 0.096053
0.301360 0.424095 0.093539
0.305491 0.426754 0.091056
0.309622 0.429420 0.088500
0.313763 0.432109 0.085887
0.317922 0.434792 0.083368
0.322105 0.437495 0.080803
0.326291 0.440197 0.078177
0.330510 0.442921 0.075610
0.334753 0.445639 0.073076
0.338987 0.448385 0.070419
0.343240 0.451131 0.067837
0.347507 0.453881 0.065191
0.351769 0.456640 0.062616
0.356070 0.459412 0.059979
0.360352 0.462179 0.057240
0.364663 0.464959 0.054560
0.368986 0.467742 0.051861
0.373301 0.470534 0.049256
0.377633 0.473315 0.046421
0.381965 0.476122 0.043591
0.386304 0.478920 0.040856
0.390664 0.481723 0.037974
0.395023 0.484516 0.035128
0.399383 0.487326 0.032152
0.403781 0.490112 0.029408
0.408178 0.492886 0.026707
0.412614 0.495652 0.024056
0.417067 0.498397 0.021465
0.421549 0.501085 0.018947
0.426095 0.503717 0.016522
0.430705 0.506280 0.014213
0.435380 0.508770 0.012069
0.440118 0.511134 0.009836
0.444948 0.513395 0.008018
0.449855 0.515512 0.006400
0.454853 0.517511 0.004995
0.459913 0.519357 0.003804
0.465053 0.521069 0.002822
0.470259 0.522657 0.002035
0.475507 0.524133 0.001421
0.480776 0.525510 0.000958
0.486083 0.526811 0.000620
0.491414 0.528031 0.000381
0.496720 0.529216 0.000218
0.502049 0.530348 0.000111
0.507361 0.531457 0.000043
0.512663 0.532551 0.000003
0.517961 0.533615 0.000000
0.523241 0.534688 0.000000
0.528509 0.535745 0.000000
0.533754 0.536820 0.000000
0.539005 0.537886 0.000029
0.544236 0.538963 0.000099
0.549459 0.540059 0.000217
0.554670 0.541189 0.000406
0.559874 0.542376 0.000699
0.565056 0.543619 0.001135
0.570241 0.544952 0.001764
0.575420 0.546403 0.002640
0.580580 0.547982 0.003823
0.585734 0.549728 0.005374
0.590862 0.551662 0.007353
0.595986 0.553793 0.009808
0.601094 0.556138 0.012976
0.606188 0.558705 0.016516
0.611281 0.561490 0.020622
0.616359 0.564466 0.025312
0.621429 0.567626 0.030589
0.626506 0.570938 0.036640
0.631590 0.574388 0.042914
0.636685 0.577953 0.049454
0.641786 0.581612 0.055798
0.646915 0.585350 0.062181
0.652063 0.589126 0.068579
0.657238 0.592971 0.074882
0.662436 0.596842 0.081284
0.667662 0.600742 0.087686
0.672916 0.604679 0.094084
0.678195 0.608641 0.100504
0.683502 0.612610 0.107034
0.688844 0.616618 0.113549
0.694198 0.620642 0.120066
0.699592 0.624678 0.126672
0.705011 0.628740 0.133329
0.710454 0.632818 0.139978
0.715924 0.636919 0.146703
0.721405 0.641028 0.153459
0.726919 0.645162 0.160245
0.732454 0.649322 0.167133
0.737994 0.653485 0.174005
0.743560 0.657681 0.180933
0.749122 0.661887 0.187985
0.754697 0.666104 0.195046
0.760253 0.670354 0.202202
0.765795 0.674609 0.209494
0.771305 0.678888 0.216918
0.776768 0.683192 0.224443
0.782170 0.687512 0.232198
0.787499 0.691854 0.240082
0.792748 0.696212 0.248206
0.797901 0.700585 0.256474
0.802959 0.704974 0.264955
0.807921 0.709380 0.273639
0.812784 0.713789 0.282474
0.817562 0.718208 0.291446
0.822265 0.722630 0.300527
0.826893 0.727059 0.309741
0.831467 0.731484 0.319001
0.835988 0.735905 0.328323
0.840478 0.740330 0.337682
0.844934 0.744742 0.347071
0.849371 0.749147 0.356457
0.853781 0.753550 0.365844
0.858185 0.757946 0.375222
0.862580 0.762326 0.384598
0.866951 0.766703 0.393964
0.871321 0.771074 0.403320
0.875678 0.775426 0.412657
0.880022 0.779774 0.421953
0.884362 0.784117 0.431261
0.888688 0.788440 0.440525
0.893001 0.792756 0.449783
0.897308 0.797057 0.459016
0.901596 0.801352 0.468216
0.905879 0.805632 0.477402
0.910146 0.809902 0.486560
0.914400 0.814157 0.495690
0.918636 0.818399 0.504801
0.922866 0.822633 0.513879
0.927074 0.826848 0.522923
0.931274 0.831048 0.531937
0.935456 0.835231 0.540917
0.939624 0.839401 0.549871
0.943773 0.843549 0.558780
0.947906 0.847685 0.567668
0.952018 0.851806 0.576519
0.956120 0.855907 0.585323
0.960197 0.859991 0.594086
0.964253 0.864056 0.602815
0.968298 0.868102 0.611507
0.972320 0.872127 0.620161
0.976317 0.876132 0.628770
0.980302 0.880122 0.637342
0.984266 0.884100 0.645876
0.988205 0.888055 0.654380
0.992132 0.892002 0.662858
0.996034 0.895932 0.671299
0.999927 0.899854 0.679717
