1.000000 0.995792 0.995630
0.004637 0.098343 0.349833
0.487926 0.528073 0.219689
0.907149 0.672180 0.516481
0.126576 0.372589 0.382340
0.742823 0.614585 0.265760
0.994914 0.819823 0.804891
0.066347 0.261923 0.377420
0.287175 0.456145 0.316006
0.049465 0.191514 0.365883
0.611435 0.570616 0.197082
0.196804 0.417914 0.358876
0.086163 0.319146 0.384832
0.960963 0.719053 0.649193
1.000000 0.919515 0.917749
0.841438 0.647106 0.393892
0.386976 0.492625 0.265584
0.074722 0.290850 0.381694
0.678626 0.593304 0.218155
0.797642 0.632594 0.328440
0.031891 0.146753 0.358229
1.000000 0.960136 0.959490
0.876785 0.659459 0.456431
0.336283 0.474399 0.291064
0.240272 0.437545 0.339169
0.999489 0.873048 0.867823
0.982258 0.764508 0.728333
0.102811 0.346633 0.385611
0.935018 0.689766 0.578695
0.547198 0.548608 0.201224
0.059056 0.230019 0.372281
0.158287 0.396424 0.373569
0.432844 0.508841 0.243475
1.000000 0.897109 0.894081
0.176781 0.407449 0.366938
0.578726 0.559444 0.196644
0.516956 0.538156 0.209364
0.859944 0.653422 0.425620
0.820812 0.640231 0.361344
0.054774 0.211752 0.369266
0.644949 0.581983 0.204022
0.093708 0.333047 0.385618
0.972482 0.739853 0.688143
1.000000 0.940497 0.939436
0.921295 0.679968 0.546917
0.263409 0.446918 0.327894
0.141488 0.384800 0.378701
0.042104 0.169711 0.362175
1.000000 0.978494 0.978119
0.948316 0.702501 0.612626
0.361443 0.483493 0.278338
0.711566 0.604272 0.239170
0.989780 0.791754 0.767880
0.070259 0.276546 0.379654
0.459940 0.518331 0.231262
0.113716 0.359846 0.384591
0.218027 0.427911 0.349563
0.997972 0.847203 0.838249
0.079937 0.305058 0.383472
0.771646 0.624066 0.296099
0.311512 0.465284 0.303650
0.062771 0.246598 0.374979
0.019623 0.122982 0.354106
0.892407 0.665555 0.486558
0.406433 0.499522 0.256044
0.082923 0.312102 0.384210
0.207271 0.422956 0.354373
0.348821 0.478945 0.284696
0.757569 0.619447 0.280559
1.000000 0.930178 0.928808
0.012565 0.110825 0.351981
0.251759 0.442260 0.333629
0.941729 0.695707 0.595351
0.998889 0.860347 0.853484
0.899867 0.668767 0.501512
0.060869 0.238500 0.373673
0.928203 0.684556 0.562590
0.531919 0.543327 0.204958
0.057021 0.221141 0.370813
0.966899 0.728920 0.668419
0.594947 0.564990 0.196125
0.275221 0.451550 0.322012
0.323850 0.469853 0.297387
0.186615 0.412757 0.363076
0.884727 0.662478 0.471563
0.661828 0.587663 0.210168
0.089792 0.326111 0.385310
0.045968 0.180761 0.364057
0.628129 0.576301 0.199637
0.868550 0.656464 0.441129
0.695248 0.598847 0.227875
0.850921 0.650319 0.409880
0.954746 0.710260 0.630581
0.999842 0.885298 0.881323
0.992638 0.805795 0.786803
0.419564 0.504170 0.249730
1.000000 0.950480 0.949652
0.052254 0.201845 0.367610
0.986319 0.777917 0.748321
0.977623 0.751759 0.708191
