0.016676 0.020805 0.040926
0.992327 0.752258 0.837411
0.470163 0.486878 0.256263
0.223875 0.335205 0.373382
0.897497 0.633246 0.378392
0.107108 0.184867 0.269059
0.687116 0.574882 0.225646
0.328820 0.410492 0.331523
0.981321 0.682490 0.605457
0.068488 0.100766 0.152589
0.569640 0.531896 0.225527
0.804750 0.608616 0.279601
0.274509 0.376117 0.361011
0.992190 0.714678 0.719411
0.165185 0.271594 0.349751
0.394979 0.447862 0.293185
0.954635 0.656758 0.495641
0.197620 0.309004 0.368560
0.993369 0.733990 0.781210
0.988078 0.696918 0.658823
0.970572 0.669090 0.551044
0.050791 0.067321 0.102713
0.248040 0.356207 0.370513
0.430690 0.466885 0.274441
0.520571 0.510686 0.237742
0.362484 0.429877 0.311671
0.743621 0.592038 0.243777
0.622908 0.552706 0.219927
0.858490 0.622430 0.328424
0.302196 0.394351 0.346861
0.136532 0.232929 0.319290
0.083960 0.137520 0.207794
0.932258 0.645422 0.440094
0.832738 0.615797 0.302634
0.121115 0.209147 0.296005
0.990548 0.705621 0.689085
0.094703 0.160735 0.239260
0.774885 0.600715 0.259821
0.033368 0.045525 0.075874
0.654734 0.564090 0.220932
0.181627 0.291307 0.361153
0.993109 0.724127 0.750045
0.261272 0.366537 0.366454
0.288066 0.385286 0.354445
0.916166 0.639285 0.408837
0.494624 0.498687 0.246567
0.345204 0.420032 0.321843
0.452752 0.478193 0.263941
0.719564 0.584984 0.234456
0.376052 0.437473 0.303829
0.062687 0.086805 0.130275
0.881759 0.628691 0.356360
0.212903 0.324666 0.372427
0.945901 0.651792 0.471788
0.409865 0.455890 0.285134
0.977270 0.676622 0.582278
0.985601 0.690608 0.636061
0.962180 0.661914 0.519470
0.548059 0.522809 0.230107
0.237895 0.347739 0.372498
0.592021 0.540910 0.222121
0.074651 0.115786 0.175929
0.313300 0.401202 0.340581
0.152785 0.255619 0.338342
0.993154 0.741661 0.805017
0.845911 0.619182 0.315228
0.983608 0.686511 0.620805
0.870443 0.625595 0.342158
0.042445 0.056896 0.089845
0.507407 0.504671 0.242024
0.607329 0.546853 0.220680
0.189708 0.300392 0.365328
0.320954 0.405818 0.336139
0.939378 0.648573 0.455903
0.254684 0.361484 0.368675
0.420126 0.461346 0.279789
0.924528 0.642336 0.424388
0.353725 0.424919 0.316817
0.974117 0.672815 0.566713
0.703364 0.580033 0.229505
0.079090 0.126414 0.191829
0.992818 0.746912 0.821120
0.482209 0.492743 0.251350
0.128699 0.221162 0.308145
0.089103 0.148960 0.223655
0.057478 0.077174 0.116136
0.024857 0.032994 0.060093
0.295048 0.389818 0.350777
0.638727 0.558451 0.219989
0.989428 0.701226 0.673958
0.759394 0.596478 0.251322
0.534121 0.516742 0.233730
0.205358 0.317078 0.370890
0.230971 0.341661 0.373219
0.819001 0.612280 0.290739
0.281227 0.380740 0.357873
0.441559 0.472499 0.269167
0.113916 0.197039 0.282951
0.385381 0.442632 0.298528
0.993318 0.729004 0.765555
