0.299144 0.000324 0.003027
0.304998 0.004836 0.011067
0.310884 0.009628 0.019150
0.316766 0.014882 0.027066
0.322668 0.020224 0.035143
0.328553 0.025843 0.042846
0.334443 0.031738 0.050036
0.340305 0.038107 0.056572
0.346140 0.044376 0.062581
0.351964 0.050379 0.068143
0.357775 0.056223 0.073417
0.363522 0.061766 0.078259
0.369249 0.067261 0.083028
0.374907 0.072554 0.087831
0.380507 0.077716 0.092588
0.386025 0.082853 0.097458
0.391504 0.087894 0.102330
0.396896 0.092765 0.107269
0.402238 0.097677 0.112215
0.407530 0.102448 0.117147
0.412769 0.107210 0.122122
0.417934 0.111893 0.127145
0.423054 0.116531 0.132207
0.428142 0.121087 0.137253
0.433172 0.125703 0.142294
0.438172 0.130260 0.147354
0.443127 0.134757 0.152390
0.448040 0.139192 0.157454
0.452937 0.143689 0.162544
0.457787 0.148123 0.167591
0.462612 0.152543 0.172633
0.467425 0.156976 0.177713
0.472203 0.161412 0.182707
0.476950 0.165762 0.187777
0.481681 0.170179 0.192760
0.486383 0.174571 0.197754
0.491079 0.178947 0.202731
0.495722 0.183310 0.207702
0.500357 0.187732 0.212634
0.504969 0.192083 0.217555
0.509551 0.196499 0.222437
0.514110 0.200855 0.227296
0.518631 0.205280 0.232121
0.523115 0.209702 0.236910
0.527559 0.214147 0.241634
0.531968 0.218597 0.246306
0.536327 0.223075 0.250951
0.540630 0.227561 0.255520
0.544878 0.232078 0.260021
0.549064 0.236615 0.264441
0.553164 0.241154 0.268792
0.557205 0.245719 0.273027
0.561137 0.250309 0.277172
0.564979 0.254949 0.281187
0.568723 0.259564 0.285095
0.572360 0.264188 0.288891
0.575875 0.268820 0.292523
0.579257 0.273439 0.296021
0.582503 0.278044 0.299376
0.585628 0.282645 0.302545
0.588592 0.287186 0.305597
0.591433 0.291736 0.308452
0.594120 0.296220 0.311154
0.596669 0.300658 0.313695
0.599073 0.305062 0.316079
0.601335 0.309407 0.318292
0.603472 0.313674 0.320378
0.605469 0.317879 0.322301
0.607363 0.322022 0.324085
0.609132 0.326089 0.325748
0.610791 0.330114 0.327303
0.612350 0.334059 0.328758
0.613824 0.337924 0.330102
0.615219 0.341745 0.331341
0.616547 0.345491 0.332539
0.617797 0.349190 0.333637
0.619003 0.352829 0.334684
0.620147 0.356416 0.335663
0.621242 0.359944 0.336592
0.622299 0.363429 0.337494
0.623334 0.366880 0.338345
0.624329 0.370275 0.339190
0.625296 0.373647 0.339989
0.626244 0.376979 0.340764
0.627173 0.380270 0.341523
0.628089 0.383537 0.342269
0.628983 0.386757 0.343002
0.629865 0.389963 0.343704
0.630744 0.393146 0.344407
0.631603 0.396303 0.345112
0.632457 0.399424 0.345790
0.633304 0.402537 0.346476
0.634147 0.405637 0.347163
0.634974 0.408699 0.347827
0.635801 0.411747 0.348488
0.636627 0.414780 0.349148
0.637440 0.417798 0.349804
0.638251 0.420792 0.350461
0.639058 0.423778 0.351106
0.639865 0.426756 0.351737
0.640662 0.429714 0.352383
0.641455 0.432665 0.353028
0.642254 0.435601 0.353655
0.643042 0.438516 0.354294
0.643828 0.441434 0.354938
0.644613 0.444345 0.355565
0.645396 0.447230 0.356188
0.646179 0.450123 0.356815
0.646962 0.453006 0.357444
0.647735 0.455876 0.358059
0.648511 0.458747 0.358668
0.649291 0.461611 0.359292
0.650061 0.464476 0.359914
0.650832 0.467325 0.360522
0.651606 0.470176 0.361144
0.652372 0.473012 0.361771
0.653137 0.475868 0.362384
0.653911 0.478707 0.362995
0.654676 0.481550 0.363610
0.655449 0.484386 0.364225
0.656223 0.487239 0.364841
0.656991 0.490076 0.365459
0.657763 0.492915 0.366082
0.658526 0.495765 0.366698
0.659297 0.498625 0.367305
0.660072 0.501477 0.367924
0.660841 0.504337 0.368553
0.661624 0.507191 0.369169
0.662401 0.510057 0.369784
0.663179 0.512932 0.370404
0.663958 0.515805 0.371028
0.664733 0.518708 0.371654
0.665523 0.521594 0.372284
0.666307 0.524505 0.372918
0.667100 0.527422 0.373558
0.667900 0.530350 0.374203
0.668695 0.533286 0.374839
0.669498 0.536242 0.375483
0.670307 0.539206 0.376149
0.671114 0.542190 0.376814
0.671930 0.545190 0.377480
0.672759 0.548210 0.378163
0.673586 0.551243 0.378862
0.674424 0.554301 0.379580
0.675273 0.557387 0.380323
0.676134 0.560488 0.381095
0.677011 0.563629 0.381883
0.677897 0.566794 0.382725
0.678795 0.569985 0.383619
0.679716 0.573231 0.384556
0.680660 0.576514 0.385570
0.681631 0.579835 0.386670
0.682633 0.583198 0.387872
0.683665 0.586624 0.389193
0.684733 0.590100 0.390636
0.685847 0.593645 0.392232
0.687000 0.597249 0.394004
0.688207 0.600910 0.395981
0.689467 0.604647 0.398167
0.690775 0.608449 0.400602
0.692161 0.612303 0.403285
0.693595 0.616234 0.406259
0.695101 0.620223 0.409528
0.696674 0.624257 0.413119
0.698307 0.628338 0.417031
0.700009 0.632449 0.421261
0.701766 0.636591 0.425840
0.703589 0.640733 0.430750
0.705456 0.644875 0.435976
0.707368 0.649012 0.441503
0.709323 0.653102 0.447311
0.711304 0.657167 0.453393
0.713302 0.661161 0.459711
0.715323 0.665093 0.466234
0.717351 0.668955 0.472935
0.719372 0.672732 0.479801
0.721385 0.676415 0.486772
0.723393 0.680002 0.493840
0.725392 0.683506 0.500976
0.727358 0.686912 0.508158
0.729308 0.690226 0.515344
0.731230 0.693452 0.522546
0.733133 0.696593 0.529738
0.735006 0.699648 0.536904
0.736848 0.702635 0.544020
0.738669 0.705546 0.551098
0.740460 0.708396 0.558117
0.742228 0.711184 0.565082
0.743970 0.713910 0.571994
0.745687 0.716595 0.578834
0.747388 0.719224 0.585612
0.749057 0.721808 0.592318
0.750718 0.724360 0.598947
0.752346 0.726871 0.605507
0.753965 0.729348 0.612005
0.755564 0.731793 0.618437
0.757143 0.734208 0.624792
0.758711 0.736591 0.631084
0.760262 0.738958 0.637303
0.761800 0.741287 0.643453
0.763330 0.743609 0.649549
0.764857 0.745904 0.655572
0.766372 0.748189 0.661539
0.767884 0.750458 0.667444
0.769403 0.752714 0.673294
0.770932 0.754980 0.679088
0.772465 0.757236 0.684839
0.774017 0.759500 0.690544
0.775599 0.761784 0.696219
0.777218 0.764089 0.701849
0.778869 0.766425 0.707465
0.780576 0.768799 0.713059
0.782350 0.771233 0.718646
0.784200 0.773717 0.724233
0.786133 0.776287 0.729830
0.788164 0.778938 0.735440
0.790315 0.781696 0.741077
0.792598 0.784566 0.746759
0.795021 0.787558 0.752479
0.797602 0.790694 0.758263
0.800359 0.793990 0.764100
0.803293 0.797438 0.770009
0.806429 0.801069 0.775994
0.809762 0.804883 0.782058
0.813308 0.808888 0.788196
0.817076 0.813079 0.794420
0.821062 0.817473 0.800719
0.825268 0.822067 0.807098
0.829699 0.826849 0.813543
0.834341 0.831823 0.820059
0.839189 0.836976 0.826641
0.844240 0.842308 0.833271
0.849485 0.847799 0.839954
0.854907 0.853449 0.846666
0.860496 0.859248 0.853419
0.866241 0.865175 0.860207
0.872133 0.871230 0.867007
0.878153 0.877391 0.873834
0.884296 0.883661 0.880676
0.890544 0.890016 0.887533
0.896900 0.896462 0.894410
0.903342 0.902984 0.901294
0.909869 0.909575 0.908201
0.916471 0.916233 0.915116
0.923150 0.922959 0.922060
0.929891 0.929738 0.929017
0.936700 0.936579 0.936007
0.943561 0.943467 0.943019
0.950481 0.950407 0.950056
0.957453 0.957396 0.957125
0.964471 0.964429 0.964225
0.971542 0.971510 0.971359
0.978650 0.978627 0.978520
0.985805 0.985790 0.985719
0.992994 0.992985 0.992945
1.000000 1.000000 1.000000
