0.211814 0.073933 0.220614
0.858966 0.828649 1.000000
0.427481 0.441071 0.175407
0.440132 0.177274 0.021779
0.413025 0.638583 0.645243
0.322081 0.105091 0.125200
0.626365 0.734528 0.828485
0.454737 0.317610 0.004415
0.386730 0.540655 0.416564
0.516658 0.689484 0.744470
0.406895 0.492129 0.296246
0.269678 0.089618 0.171150
0.381923 0.126188 0.076360
0.445764 0.382645 0.062145
0.731886 0.777311 0.907767
0.456875 0.250148 0.002164
0.374584 0.589162 0.535623
0.437407 0.413058 0.116496
0.396727 0.516529 0.356539
0.791130 0.801282 0.951537
0.451503 0.350465 0.020328
0.414377 0.146437 0.048631
0.678516 0.755682 0.867780
0.572491 0.712585 0.787664
0.461151 0.664862 0.697624
0.417154 0.467178 0.235803
0.453341 0.213916 0.007473
0.456468 0.284425 0.000954
0.295807 0.097347 0.147964
0.242186 0.081714 0.195392
0.377957 0.564659 0.476156
0.350367 0.113897 0.101701
0.383080 0.611744 0.587688
0.365754 0.119348 0.089337
0.422307 0.454320 0.205544
0.282835 0.093477 0.159435
0.227493 0.077670 0.207907
0.335847 0.109312 0.113645
0.382037 0.552651 0.446408
0.308833 0.101183 0.136575
0.395249 0.625111 0.616945
0.391693 0.528626 0.386586
0.398422 0.135031 0.062973
0.455733 0.301082 0.001850
0.441874 0.398142 0.088480
0.448311 0.195330 0.013206
0.599715 0.723689 0.808335
0.412008 0.479754 0.266048
0.256166 0.085604 0.183121
0.544745 0.701195 0.766413
0.760499 0.788895 0.929016
0.455915 0.232298 0.004146
0.652537 0.745146 0.848224
0.453365 0.334073 0.009869
0.428639 0.160657 0.033747
0.375126 0.576794 0.505857
0.824030 0.814568 0.975362
0.488577 0.677395 0.721630
0.432553 0.427358 0.145642
0.435484 0.651905 0.672199
0.448998 0.366705 0.038112
0.704765 0.766320 0.887483
0.401799 0.504382 0.326401
0.456916 0.267488 0.001104
0.376461 0.598692 0.557980
0.454104 0.325833 0.006679
0.315407 0.103164 0.130930
0.379891 0.558642 0.461292
0.430028 0.434275 0.160429
0.262979 0.087669 0.177114
0.414572 0.473483 0.250924
0.456547 0.241301 0.003037
0.613104 0.729139 0.818466
0.219795 0.075756 0.214237
0.406537 0.140384 0.055873
0.665527 0.750416 0.858005
0.434786 0.168726 0.027345
0.456132 0.292781 0.001245
0.452515 0.342277 0.014455
0.530729 0.695382 0.755540
0.394203 0.522582 0.371565
0.558666 0.706933 0.777122
0.289335 0.095451 0.153667
0.390172 0.130335 0.069771
0.376341 0.570698 0.491019
0.276290 0.091604 0.165243
0.448005 0.658436 0.685102
0.389198 0.534645 0.401588
0.502581 0.683485 0.733182
0.373764 0.122514 0.082919
0.423742 0.645273 0.658904
0.474730 0.671184 0.709796
0.718176 0.771756 0.897528
0.443903 0.390456 0.075044
0.421787 0.153204 0.041226
0.456736 0.276029 0.000916
0.455272 0.309376 0.002863
0.435017 0.420275 0.130954
0.450334 0.358597 0.028028
0.374498 0.582935 0.520736
