0.211814 0.073933 0.220614
0.215844 0.074823 0.217413
0.219795 0.075756 0.214237
0.223669 0.076703 0.211066
0.227493 0.077670 0.207907
0.231253 0.078655 0.204765
0.234961 0.079657 0.201607
0.238577 0.080670 0.198491
0.242186 0.081714 0.195392
0.245730 0.082671 0.192303
0.249255 0.083676 0.189233
0.252738 0.084681 0.186185
0.256166 0.085604 0.183121
0.259600 0.086656 0.180103
0.262979 0.087669 0.177114
0.266337 0.088633 0.174124
0.269678 0.089618 0.171150
0.272982 0.090600 0.168192
0.276290 0.091604 0.165243
0.279567 0.092519 0.162366
0.282835 0.093477 0.159435
0.286066 0.094504 0.156576
0.289335 0.095451 0.153667
0.292566 0.096347 0.150813
0.295807 0.097347 0.147964
0.299060 0.098330 0.145142
0.302288 0.099261 0.142275
0.305566 0.100218 0.139400
0.308833 0.101183 0.136575
0.312087 0.102159 0.133762
0.315407 0.103164 0.130930
0.318729 0.104117 0.128073
0.322081 0.105091 0.125200
0.325454 0.106166 0.122295
0.328892 0.107186 0.119441
0.332354 0.108178 0.116561
0.335847 0.109312 0.113645
0.339408 0.110409 0.110707
0.343007 0.111534 0.107710
0.346652 0.112715 0.104686
0.350367 0.113897 0.101701
0.354120 0.115146 0.098667
0.357952 0.116509 0.095593
0.361826 0.117892 0.092462
0.365754 0.119348 0.089337
0.369730 0.120875 0.086106
0.373764 0.122514 0.082919
0.377827 0.124281 0.079656
0.381923 0.126188 0.076360
0.386039 0.128177 0.073124
0.390172 0.130335 0.069771
0.394305 0.132584 0.066344
0.398422 0.135031 0.062973
0.402496 0.137638 0.059485
0.406537 0.140384 0.055873
0.410509 0.143333 0.052208
0.414377 0.146437 0.048631
0.418144 0.149771 0.044938
0.421787 0.153204 0.041226
0.425302 0.156867 0.037499
0.428639 0.160657 0.033747
0.431815 0.164627 0.030454
0.434786 0.168726 0.027345
0.437568 0.172927 0.024453
0.440132 0.177274 0.021779
0.442499 0.181662 0.019323
0.444649 0.186188 0.017081
0.446580 0.190726 0.015046
0.448311 0.195330 0.013206
0.449845 0.199944 0.011537
0.451188 0.204624 0.009905
0.452357 0.209261 0.008614
0.453341 0.213916 0.007473
0.454187 0.218548 0.006468
0.454890 0.223165 0.005589
0.455458 0.227746 0.004819
0.455915 0.232298 0.004146
0.456275 0.236830 0.003556
0.456547 0.241301 0.003037
0.456743 0.245737 0.002576
0.456875 0.250148 0.002164
0.456951 0.254560 0.001806
0.456978 0.258906 0.001513
0.456964 0.263225 0.001280
0.456916 0.267488 0.001104
0.456838 0.271756 0.000983
0.456736 0.276029 0.000916
0.456612 0.280224 0.000906
0.456468 0.284425 0.000954
0.456308 0.288617 0.001065
0.456132 0.292781 0.001245
0.455940 0.296953 0.001504
0.455733 0.301082 0.001850
0.455511 0.305237 0.002298
0.455272 0.309376 0.002863
0.455015 0.313494 0.003561
0.454737 0.317610 0.004415
0.454434 0.321724 0.005445
0.454104 0.325833 0.006679
0.453746 0.329964 0.008144
0.453365 0.334073 0.009869
0.452957 0.338164 0.012123
0.452515 0.342277 0.014455
0.452029 0.346362 0.017184
0.451503 0.350465 0.020328
0.450939 0.354542 0.023928
0.450334 0.358597 0.028028
0.449687 0.362658 0.032682
0.448998 0.366705 0.038112
0.448253 0.370714 0.043789
0.447465 0.374723 0.049799
0.446644 0.378696 0.055892
0.445764 0.382645 0.062145
0.444861 0.386560 0.068579
0.443903 0.390456 0.075044
0.442905 0.394312 0.081754
0.441874 0.398142 0.088480
0.440790 0.401914 0.095363
0.439694 0.405677 0.102296
0.438557 0.409381 0.109386
0.437407 0.413058 0.116496
0.436219 0.416687 0.123648
0.435017 0.420275 0.130954
0.433777 0.423827 0.138270
0.432553 0.427358 0.145642
0.431298 0.430836 0.152996
0.430028 0.434275 0.160429
0.428754 0.437702 0.167910
0.427481 0.441071 0.175407
0.426182 0.444435 0.182909
0.424903 0.447742 0.190446
0.423601 0.451047 0.197986
0.422307 0.454320 0.205544
0.421015 0.457558 0.213087
0.419733 0.460780 0.220685
0.418431 0.463994 0.228242
0.417154 0.467178 0.235803
0.415858 0.470344 0.243343
0.414572 0.473483 0.250924
0.413293 0.476627 0.258477
0.412008 0.479754 0.266048
0.410732 0.482858 0.273605
0.409449 0.485955 0.281137
0.408169 0.489044 0.288701
0.406895 0.492129 0.296246
0.405627 0.495202 0.303785
0.404345 0.498274 0.311333
0.403079 0.501327 0.318875
0.401799 0.504382 0.326401
0.400547 0.507422 0.333953
0.399259 0.510459 0.341481
0.398005 0.513502 0.349009
0.396727 0.516529 0.356539
0.395474 0.519558 0.364050
0.394203 0.522582 0.371565
0.392943 0.525605 0.379084
0.391693 0.528626 0.386586
0.390436 0.531635 0.394093
0.389198 0.534645 0.401588
0.387957 0.537657 0.409080
0.386730 0.540655 0.416564
0.385522 0.543656 0.424032
0.384338 0.546660 0.431510
0.383183 0.549655 0.438953
0.382037 0.552651 0.446408
0.380953 0.555642 0.453852
0.379891 0.558642 0.461292
0.378891 0.561655 0.468726
0.377957 0.564659 0.476156
0.377104 0.567678 0.483576
0.376341 0.570698 0.491019
0.375667 0.573738 0.498444
0.375126 0.576794 0.505857
0.374734 0.579859 0.513301
0.374498 0.582935 0.520736
0.374441 0.586046 0.528180
0.374584 0.589162 0.535623
0.374948 0.592325 0.543082
0.375562 0.595492 0.550532
0.376461 0.598692 0.557980
0.377628 0.601918 0.565423
0.379112 0.605169 0.572873
0.380932 0.608452 0.580293
0.383080 0.611744 0.587688
0.385570 0.615059 0.595065
0.388441 0.618402 0.602403
0.391665 0.621745 0.609699
0.395249 0.625111 0.616945
0.399176 0.628484 0.624130
0.403474 0.631852 0.631245
0.408084 0.635218 0.638285
0.413025 0.638583 0.645243
0.418239 0.641937 0.652124
0.423742 0.645273 0.658904
0.429500 0.648599 0.665600
0.435484 0.651905 0.672199
0.441661 0.655178 0.678695
0.448005 0.658436 0.685102
0.454523 0.661669 0.691408
0.461151 0.664862 0.697624
0.467891 0.668044 0.703754
0.474730 0.671184 0.709796
0.481623 0.674300 0.715758
0.488577 0.677395 0.721630
0.495565 0.680445 0.727440
0.502581 0.683485 0.733182
0.509618 0.686495 0.738859
0.516658 0.689484 0.744470
0.523699 0.692448 0.750028
0.530729 0.695382 0.755540
0.537751 0.698296 0.761000
0.544745 0.701195 0.766413
0.551725 0.704072 0.771787
0.558666 0.706933 0.777122
0.565589 0.709771 0.782411
0.572491 0.712585 0.787664
0.579350 0.715395 0.792886
0.586173 0.718175 0.798067
0.592964 0.720939 0.803217
0.599715 0.723689 0.808335
0.606427 0.726424 0.813415
0.613104 0.729139 0.818466
0.619759 0.731841 0.823490
0.626365 0.734528 0.828485
0.632948 0.737197 0.833453
0.639501 0.739862 0.838395
0.646027 0.742509 0.843317
0.652537 0.745146 0.848224
0.659033 0.747786 0.853119
0.665527 0.750416 0.858005
0.672018 0.753042 0.862894
0.678516 0.755682 0.867780
0.685032 0.758325 0.872676
0.691571 0.760974 0.877587
0.698143 0.763636 0.882519
0.704765 0.766320 0.887483
0.711442 0.769021 0.892487
0.718176 0.771756 0.897528
0.724992 0.774510 0.902618
0.731886 0.777311 0.907767
0.738878 0.780136 0.912972
0.745966 0.783008 0.918247
0.753168 0.785930 0.923597
0.760499 0.788895 0.929016
0.767947 0.791908 0.934521
0.775536 0.794977 0.940113
0.783262 0.798101 0.945781
0.791130 0.801282 0.951537
0.799146 0.804523 0.957376
0.807301 0.807816 0.963297
0.815598 0.811167 0.969294
0.824030 0.814568 0.975362
0.832595 0.818022 0.981503
0.841282 0.821527 0.987699
0.850076 0.825066 0.993947
0.858966 0.828649 1.000000
