0.000000 0.000000 0.000000
0.006724 0.006725 0.006725
0.014136 0.014136 0.014136
0.021325 0.021325 0.021325
0.028493 0.028493 0.028493
0.035850 0.035850 0.035850
0.042788 0.042788 0.042788
0.049375 0.049376 0.049376
0.055232 0.055233 0.055233
0.060739 0.060739 0.060739
0.065886 0.065887 0.065887
0.070724 0.070725 0.070725
0.075266 0.075268 0.075267
0.079586 0.079588 0.079588
0.083764 0.083767 0.083766
0.087719 0.087721 0.087721
0.091510 0.091513 0.091513
0.095184 0.095187 0.095186
0.098827 0.098829 0.098828
0.102507 0.102508 0.102508
0.106221 0.106223 0.106223
0.109913 0.109914 0.109914
0.113573 0.113574 0.113574
0.117210 0.117210 0.117210
0.120881 0.120881 0.120881
0.124570 0.124570 0.124570
0.128274 0.128274 0.128274
0.131948 0.131948 0.131948
0.135594 0.135594 0.135594
0.139256 0.139256 0.139256
0.142957 0.142957 0.142957
0.146601 0.146601 0.146601
0.150290 0.150290 0.150290
0.153925 0.153925 0.153925
0.157582 0.157582 0.157582
0.161268 0.161268 0.161268
0.164883 0.164883 0.164883
0.168539 0.168539 0.168539
0.172169 0.172169 0.172169
0.175791 0.175791 0.175791
0.179440 0.179440 0.179440
0.183054 0.183054 0.183054
0.186686 0.186686 0.186686
0.190298 0.190298 0.190298
0.193930 0.193930 0.193930
0.197517 0.197517 0.197517
0.201095 0.201095 0.201095
0.204716 0.204716 0.204716
0.208293 0.208293 0.208293
0.211890 0.211890 0.211890
0.215444 0.215444 0.215444
0.219018 0.219018 0.219018
0.222579 0.222579 0.222579
0.226142 0.226142 0.226142
0.229655 0.229655 0.229655
0.233196 0.233196 0.233196
0.236760 0.236760 0.236760
0.240253 0.240253 0.240253
0.243771 0.243771 0.243771
0.247297 0.247297 0.247297
0.250797 0.250797 0.250797
0.254300 0.254300 0.254300
0.257769 0.257769 0.257769
0.261256 0.261256 0.261256
0.264719 0.264719 0.264719
0.268181 0.268181 0.268181
0.271629 0.271629 0.271629
0.275089 0.275089 0.275089
0.278530 0.278530 0.278530
0.281961 0.281961 0.281961
0.285362 0.285362 0.285362
0.288789 0.288789 0.288789
0.292189 0.292189 0.292189
0.295577 0.295577 0.295577
0.298974 0.298974 0.298974
0.302333 0.302333 0.302333
0.305726 0.305726 0.305726
0.309086 0.309086 0.309086
0.312407 0.312407 0.312407
0.315771 0.315771 0.315771
0.319092 0.319092 0.319092
0.322420 0.322420 0.322420
0.325715 0.325715 0.325715
0.329038 0.329038 0.329038
0.332332 0.332332 0.332332
0.335611 0.335611 0.335611
0.338883 0.338883 0.338883
0.342147 0.342147 0.342147
0.345396 0.345396 0.345396
0.348644 0.348644 0.348644
0.351869 0.351869 0.351869
0.355115 0.355115 0.355115
0.358315 0.358315 0.358315
0.361523 0.361523 0.361523
0.364712 0.364712 0.364712
0.367896 0.367896 0.367896
0.371067 0.371067 0.371067
0.374246 0.374246 0.374246
0.377394 0.377394 0.377394
0.380541 0.380541 0.380541
0.383674 0.383674 0.383674
0.386786 0.386786 0.386786
0.389899 0.389899 0.389899
0.393005 0.393005 0.393005
0.396104 0.396104 0.396104
0.399174 0.399174 0.399174
0.402245 0.402245 0.402245
0.405317 0.405317 0.405317
0.408366 0.408366 0.408366
0.411405 0.411405 0.411405
0.414438 0.414438 0.414438
0.417466 0.417466 0.417466
0.420469 0.420469 0.420469
0.423470 0.423470 0.423470
0.426467 0.426467 0.426467
0.429457 0.429457 0.429457
0.432443 0.432443 0.432443
0.435412 0.435412 0.435412
0.438368 0.438368 0.438368
0.441325 0.441325 0.441325
0.444285 0.444285 0.444285
0.447221 0.447221 0.447221
0.450170 0.450170 0.450170
0.453111 0.453111 0.453111
0.456048 0.456048 0.456048
0.458991 0.458991 0.458991
0.461928 0.461928 0.461928
0.464870 0.464870 0.464870
0.467810 0.467810 0.467810
0.470761 0.470761 0.470761
0.473705 0.473705 0.473705
0.476669 0.476669 0.476669
0.479640 0.479640 0.479640
0.482610 0.482610 0.482610
0.485589 0.485589 0.485589
0.488590 0.488590 0.488590
0.491603 0.491603 0.491603
0.494618 0.494618 0.494618
0.497653 0.497653 0.497653
0.500690 0.500690 0.500690
0.503750 0.503750 0.503750
0.506825 0.506825 0.506825
0.509917 0.509917 0.509917
0.513026 0.513026 0.513026
0.516144 0.516144 0.516144
0.519297 0.519297 0.519297
0.522451 0.522451 0.522451
0.525633 0.525633 0.525633
0.528834 0.528834 0.528834
0.532044 0.532044 0.532044
0.535271 0.535271 0.535271
0.538533 0.538533 0.538533
0.541792 0.541792 0.541792
0.545088 0.545088 0.545088
0.548402 0.548402 0.548402
0.551728 0.551728 0.551728
0.555070 0.555070 0.555070
0.558432 0.558432 0.558432
0.561831 0.561831 0.561831
0.565226 0.565226 0.565226
0.568656 0.568656 0.568656
0.572108 0.572108 0.572108
0.575577 0.575577 0.575577
0.579062 0.579062 0.579062
0.582563 0.582563 0.582563
0.586097 0.586097 0.586097
0.589636 0.589636 0.589636
0.593213 0.593213 0.593213
0.596801 0.596801 0.596801
0.600406 0.600406 0.600406
0.604043 0.604043 0.604043
0.607694 0.607694 0.607694
0.611363 0.611363 0.611363
0.615049 0.615049 0.615049
0.618774 0.618774 0.618774
0.622500 0.622500 0.622500
0.626258 0.626258 0.626258
0.630038 0.630038 0.630038
0.633841 0.633841 0.633841
0.637658 0.637658 0.637658
0.641496 0.641496 0.641496
0.645361 0.645361 0.645361
0.649255 0.649255 0.649255
0.653154 0.653154 0.653154
0.657094 0.657094 0.657094
0.661040 0.661040 0.661040
0.665015 0.665015 0.665015
0.669017 0.669017 0.669017
0.673039 0.673039 0.673039
0.677083 0.677083 0.677083
0.681139 0.681139 0.681139
0.685235 0.685235 0.685235
0.689349 0.689349 0.689349
0.693479 0.693479 0.693479
0.697634 0.697634 0.697634
0.701814 0.701814 0.701814
0.706025 0.706025 0.706025
0.710253 0.710253 0.710253
0.714501 0.714501 0.714501
0.718779 0.718779 0.718779
0.723078 0.723078 0.723078
0.727404 0.727404 0.727404
0.731755 0.731755 0.731755
0.736123 0.736123 0.736123
0.740524 0.740524 0.740524
0.744946 0.744946 0.744946
0.749389 0.749389 0.749389
0.753866 0.753866 0.753866
0.758365 0.758365 0.758365
0.762882 0.762882 0.762882
0.767429 0.767429 0.767429
0.772006 0.772006 0.772006
0.776606 0.776606 0.776606
0.781229 0.781229 0.781229
0.785880 0.785880 0.785880
0.790553 0.790553 0.790553
0.795255 0.795255 0.795255
0.799988 0.799988 0.799988
0.804740 0.804740 0.804740
0.809523 0.809523 0.809523
0.814327 0.814327 0.814327
0.819160 0.819160 0.819160
0.824024 0.824024 0.824024
0.828918 0.828918 0.828918
0.833835 0.833835 0.833835
0.838774 0.838774 0.838774
0.843744 0.843744 0.843744
0.848747 0.848747 0.848747
0.853770 0.853770 0.853770
0.858827 0.858827 0.858827
0.863916 0.863916 0.863916
0.869027 0.869027 0.869027
0.874163 0.874163 0.874163
0.879331 0.879331 0.879331
0.884532 0.884532 0.884532
0.889757 0.889757 0.889757
0.895016 0.895016 0.895016
0.900298 0.900298 0.900298
0.905616 0.905616 0.905616
0.910957 0.910957 0.910957
0.916327 0.916327 0.916327
0.921733 0.921733 0.921733
0.927160 0.927160 0.927160
0.932621 0.932621 0.932621
0.938115 0.938115 0.938115
0.943634 0.943634 0.943634
0.949180 0.949180 0.949180
0.954758 0.954758 0.954758
0.960362 0.960362 0.960362
0.965988 0.965988 0.965988
0.971645 0.971645 0.971645
0.977326 0.977326 0.977326
0.983029 0.983029 0.983029
0.988756 0.988756 0.988756
0.994502 0.994502 0.994502
1.000000 1.000000 1.000000
