0.011370 0.073240 0.148284
0.992307 0.959017 0.856609
0.639835 0.384073 0.404170
0.912931 0.600980 0.450565
0.320355 0.358086 0.480032
0.848263 0.430214 0.369804
0.093441 0.241239 0.381025
0.905785 0.763489 0.597217
0.465644 0.373563 0.449468
0.941274 0.859286 0.718088
0.910625 0.510820 0.397017
0.743578 0.394768 0.380152
0.033828 0.155833 0.265955
0.547450 0.378347 0.428030
0.899641 0.679851 0.511757
0.210000 0.318627 0.462138
0.397066 0.368982 0.467095
0.690355 0.388122 0.391767
0.146980 0.282919 0.428820
0.905445 0.641036 0.479732
0.899033 0.720090 0.549990
0.360933 0.365208 0.474974
0.797746 0.407293 0.371603
0.270378 0.343785 0.477950
0.056373 0.198137 0.325072
0.920324 0.810234 0.653908
0.022084 0.114884 0.206390
0.505298 0.375890 0.439053
0.966140 0.909240 0.786616
0.887860 0.465922 0.378203
0.592251 0.381023 0.416371
0.916963 0.557475 0.422534
0.432886 0.371542 0.458027
0.178074 0.301843 0.447622
0.901498 0.487690 0.386470
0.241213 0.332694 0.472151
0.072795 0.219688 0.353691
0.526060 0.377102 0.433614
0.615676 0.382468 0.410336
0.043537 0.176819 0.295697
0.909249 0.621333 0.464954
0.823879 0.417202 0.369609
0.979202 0.934179 0.821550
0.341527 0.362272 0.478039
0.930142 0.834563 0.685252
0.915540 0.534347 0.409251
0.902079 0.660426 0.495194
0.485169 0.374716 0.444348
0.664720 0.385899 0.397959
0.027114 0.135178 0.236104
0.912129 0.786497 0.624458
0.569504 0.379648 0.422267
0.915775 0.579733 0.436411
0.898515 0.699650 0.529889
0.296766 0.352104 0.480280
0.770753 0.400018 0.375287
0.379261 0.367335 0.471236
0.901414 0.741342 0.572384
0.018046 0.095138 0.176970
0.953394 0.884237 0.752011
0.869899 0.446539 0.372604
0.716690 0.390967 0.385745
0.414838 0.370329 0.462661
0.118433 0.262485 0.406341
0.446721 0.372413 0.454430
0.049594 0.187473 0.310472
0.985762 0.946610 0.839070
0.903350 0.752305 0.584490
0.015899 0.084718 0.162521
0.906618 0.499143 0.391507
0.859490 0.437974 0.370858
0.515595 0.376498 0.436363
0.603878 0.381729 0.413368
0.475346 0.374142 0.446922
0.580790 0.380325 0.419345
0.024440 0.124981 0.221213
0.558389 0.378991 0.425175
0.105413 0.251937 0.393974
0.038425 0.166276 0.280837
0.810973 0.411881 0.370362
0.895246 0.476567 0.382020
0.907326 0.631251 0.472281
0.331185 0.360355 0.479208
0.911148 0.611261 0.457722
0.914509 0.590475 0.443461
0.677455 0.386948 0.394848
0.925046 0.822341 0.669369
0.900717 0.670121 0.503303
0.627665 0.383257 0.407260
0.903673 0.650752 0.487354
0.879389 0.455884 0.375054
0.972654 0.921726 0.804056
0.132308 0.272835 0.417985
0.908714 0.774888 0.610543
0.703442 0.389446 0.388729
0.082595 0.230463 0.367551
0.959709 0.896742 0.769246
0.898551 0.709779 0.539663
0.030209 0.145478 0.251025
0.351412 0.363861 0.476608
