0.013420 0.075817 0.152989
0.986688 0.958281 0.850479
0.255325 0.542974 0.501320
0.104007 0.377108 0.562497
0.530269 0.761628 0.412971
0.029108 0.222061 0.398763
0.820517 0.888367 0.623153
0.182644 0.473440 0.546595
0.350441 0.629031 0.445960
0.918458 0.927676 0.750645
0.020984 0.146080 0.272884
0.056570 0.301290 0.505677
0.147220 0.433959 0.565369
0.682722 0.834941 0.490287
0.421036 0.688741 0.415117
0.217492 0.507811 0.524508
0.299755 0.583353 0.474918
0.127118 0.408585 0.568816
0.018404 0.110739 0.211044
0.039376 0.261524 0.456594
0.023992 0.183406 0.336383
0.199899 0.490844 0.535616
0.756716 0.864214 0.554480
0.955439 0.943981 0.804030
0.382682 0.657277 0.429670
0.603948 0.799967 0.440475
0.165274 0.454907 0.556983
0.276504 0.562275 0.488653
0.235808 0.524993 0.513165
0.873943 0.909184 0.689751
0.469094 0.723723 0.407003
0.079162 0.340477 0.541813
0.325473 0.606628 0.459945
0.091644 0.359270 0.554118
0.937802 0.936108 0.778308
0.016961 0.093990 0.181411
0.287830 0.572565 0.481933
0.848439 0.899102 0.656986
0.047153 0.281406 0.482514
0.208638 0.499326 0.530082
0.156434 0.444849 0.561566
0.365969 0.642778 0.437786
0.720806 0.850311 0.521252
0.191270 0.482238 0.541130
0.400915 0.672578 0.421948
0.971611 0.951338 0.827953
0.565854 0.780975 0.423745
0.497935 0.742421 0.407680
0.897231 0.918701 0.721062
0.026143 0.202606 0.367909
0.265674 0.552426 0.495106
0.312267 0.594697 0.467584
0.443601 0.705794 0.409842
0.226532 0.516330 0.518887
0.067354 0.321058 0.525594
0.019714 0.128112 0.241609
0.022349 0.164550 0.304590
0.115972 0.393615 0.567218
0.789985 0.876809 0.588748
0.643349 0.818084 0.462930
0.137551 0.421970 0.567982
0.033282 0.241728 0.428497
0.245362 0.533842 0.507323
0.174021 0.464387 0.551920
0.339437 0.619188 0.452047
0.169695 0.459700 0.554492
0.020346 0.137020 0.257176
0.231132 0.520642 0.516028
0.221968 0.512056 0.521697
0.151851 0.439525 0.563597
0.908093 0.923262 0.736080
0.271026 0.557299 0.491915
0.483066 0.732990 0.406834
0.410710 0.680539 0.418384
0.739078 0.857435 0.537670
0.085333 0.349976 0.548472
0.623571 0.809166 0.451034
0.186971 0.477869 0.543872
0.019071 0.119327 0.226230
0.834795 0.893822 0.640175
0.963686 0.947720 0.816201
0.027501 0.212323 0.383455
0.260437 0.547651 0.498247
0.547692 0.771318 0.417631
0.024987 0.192980 0.352204
0.017703 0.102263 0.196117
0.213030 0.503562 0.527302
0.042961 0.271453 0.469870
0.946819 0.940114 0.791406
0.885854 0.914016 0.705609
0.861480 0.904216 0.673526
0.979259 0.954852 0.839361
0.358071 0.635814 0.441885
0.374165 0.649930 0.433689
0.142452 0.428133 0.566866
0.023123 0.173933 0.320514
0.204288 0.495093 0.532857
0.282108 0.567358 0.485321
0.293713 0.577887 0.478456
0.513668 0.751981 0.409686
