0.108778 0.055655 0.202533
0.115526 0.057566 0.204666
0.122281 0.059414 0.206808
0.129076 0.060986 0.208934
0.135800 0.062796 0.211102
0.142538 0.064494 0.213263
0.149225 0.066291 0.215466
0.155910 0.068179 0.217680
0.162572 0.070070 0.219909
0.169250 0.072039 0.222132
0.175865 0.074123 0.224370
0.182539 0.076185 0.226668
0.189227 0.078381 0.228945
0.195898 0.080712 0.231236
0.202555 0.083077 0.233507
0.209225 0.085520 0.235841
0.215899 0.088145 0.238138
0.222532 0.090813 0.240435
0.229152 0.093538 0.242755
0.235765 0.096383 0.245059
0.242320 0.099393 0.247382
0.248868 0.102480 0.249661
0.255358 0.105669 0.251966
0.261789 0.108959 0.254235
0.268162 0.112373 0.256473
0.274480 0.115865 0.258714
0.280712 0.119438 0.260918
0.286877 0.123106 0.263107
0.292956 0.126905 0.265246
0.298944 0.130831 0.267354
0.304814 0.134799 0.269469
0.310590 0.138813 0.271495
0.316234 0.142946 0.273522
0.321745 0.147130 0.275490
0.327139 0.151377 0.277404
0.332420 0.155712 0.279286
0.337535 0.160034 0.281090
0.342521 0.164485 0.282891
0.347357 0.168939 0.284599
0.352025 0.173392 0.286270
0.356571 0.177929 0.287899
0.360933 0.182404 0.289483
0.365162 0.186955 0.290997
0.369232 0.191481 0.292453
0.373135 0.196030 0.293856
0.376897 0.200529 0.295212
0.380489 0.205061 0.296524
0.383927 0.209552 0.297763
0.387207 0.214030 0.298968
0.390346 0.218465 0.300103
0.393336 0.222874 0.301189
0.396184 0.227229 0.302230
0.398880 0.231556 0.303226
0.401448 0.235823 0.304178
0.403881 0.240022 0.305089
0.406184 0.244180 0.305956
0.408353 0.248320 0.306761
0.410418 0.252356 0.307519
0.412356 0.256329 0.308260
0.414177 0.260265 0.308972
0.415900 0.264133 0.309629
0.417529 0.267904 0.310255
0.419053 0.271636 0.310847
0.420485 0.275322 0.311394
0.421833 0.278921 0.311914
0.423106 0.282459 0.312421
0.424307 0.285899 0.312908
0.425437 0.289322 0.313370
0.426489 0.292648 0.313802
0.427496 0.295924 0.314204
0.428428 0.299149 0.314587
0.429311 0.302282 0.314958
0.430146 0.305395 0.315319
0.430936 0.308422 0.315662
0.431687 0.311393 0.315985
0.432391 0.314314 0.316289
0.433049 0.317186 0.316579
0.433675 0.320010 0.316857
0.434281 0.322774 0.317126
0.434865 0.325469 0.317385
0.435415 0.328146 0.317635
0.435936 0.330762 0.317876
0.436436 0.333356 0.318109
0.436919 0.335884 0.318335
0.437385 0.338374 0.318554
0.437833 0.340841 0.318766
0.438259 0.343266 0.318973
0.438670 0.345642 0.319175
0.439075 0.348006 0.319373
0.439475 0.350335 0.319566
0.439863 0.352625 0.319757
0.440237 0.354906 0.319944
0.440602 0.357150 0.320129
0.440963 0.359361 0.320309
0.441325 0.361568 0.320487
0.441682 0.363746 0.320660
0.442032 0.365923 0.320830
0.442374 0.368072 0.320998
0.442712 0.370209 0.321164
0.443048 0.372339 0.321329
0.443383 0.374475 0.321495
0.443719 0.376594 0.321663
0.444055 0.378695 0.321832
0.444391 0.380813 0.322002
0.444724 0.382916 0.322173
0.445055 0.385017 0.322344
0.445385 0.387129 0.322515
0.445719 0.389257 0.322685
0.446060 0.391385 0.322855
0.446406 0.393511 0.323025
0.446753 0.395666 0.323195
0.447098 0.397822 0.323366
0.447446 0.399989 0.323539
0.447801 0.402176 0.323715
0.448166 0.404392 0.323893
0.448537 0.406631 0.324074
0.448910 0.408885 0.324259
0.449285 0.411168 0.324446
0.449664 0.413480 0.324636
0.450050 0.415816 0.324829
0.450445 0.418183 0.325025
0.450847 0.420588 0.325225
0.451256 0.423025 0.325429
0.451673 0.425510 0.325638
0.452101 0.428026 0.325850
0.452533 0.430579 0.326067
0.452968 0.433171 0.326289
0.453411 0.435816 0.326516
0.453869 0.438491 0.326748
0.454341 0.441218 0.326986
0.454818 0.444000 0.327229
0.455299 0.446815 0.327478
0.455789 0.449685 0.327733
0.456291 0.452609 0.327994
0.456804 0.455568 0.328263
0.457327 0.458583 0.328539
0.457861 0.461653 0.328824
0.458407 0.464774 0.329115
0.458966 0.467937 0.329412
0.459531 0.471166 0.329715
0.460099 0.474440 0.330023
0.460686 0.477763 0.330339
0.461293 0.481140 0.330665
0.461903 0.484573 0.331002
0.462519 0.488074 0.331356
0.463152 0.491618 0.331728
0.463811 0.495207 0.332117
0.464479 0.498858 0.332514
0.465141 0.502557 0.332920
0.465827 0.506314 0.333339
0.466539 0.510131 0.333776
0.467261 0.514007 0.334234
0.467988 0.517929 0.334715
0.468743 0.521895 0.335212
0.469518 0.525937 0.335721
0.470300 0.530023 0.336254
0.471104 0.534160 0.336829
0.471932 0.538367 0.337428
0.472768 0.542615 0.338044
0.473633 0.546918 0.338708
0.474536 0.551278 0.339411
0.475455 0.555685 0.340134
0.476391 0.560166 0.340900
0.477360 0.564685 0.341710
0.478360 0.569264 0.342572
0.479397 0.573901 0.343470
0.480458 0.578593 0.344418
0.481561 0.583339 0.345435
0.482700 0.588139 0.346506
0.483876 0.593008 0.347650
0.485099 0.597917 0.348847
0.486373 0.602892 0.350125
0.487701 0.607926 0.351468
0.489062 0.613003 0.352905
0.490498 0.618152 0.354422
0.491983 0.623358 0.356034
0.493526 0.628617 0.357743
0.495149 0.633936 0.359539
0.496830 0.639308 0.361454
0.498605 0.644738 0.363477
0.500440 0.650235 0.365629
0.502371 0.655788 0.367897
0.504399 0.661395 0.370299
0.506501 0.667058 0.372842
0.508726 0.672788 0.375528
0.511037 0.678564 0.378368
0.513476 0.684397 0.381369
0.516016 0.690292 0.384515
0.518704 0.696245 0.387842
0.521498 0.702241 0.391355
0.524441 0.708298 0.395035
0.527523 0.714398 0.398904
0.530754 0.720554 0.402978
0.534134 0.726757 0.407245
0.537689 0.733007 0.411718
0.541390 0.739301 0.416407
0.545284 0.745624 0.421301
0.549350 0.751994 0.426425
0.553591 0.758396 0.431785
0.558029 0.764828 0.437355
0.562672 0.771287 0.443154
0.567499 0.777766 0.449192
0.572533 0.784264 0.455458
0.577761 0.790766 0.461960
0.583208 0.797279 0.468698
0.588859 0.803795 0.475672
0.594728 0.810298 0.482864
0.600800 0.816794 0.490295
0.607088 0.823263 0.497951
0.613562 0.829707 0.505797
0.620261 0.836107 0.513885
0.627137 0.842465 0.522147
0.634216 0.848762 0.530620
0.641462 0.854998 0.539261
0.648897 0.861152 0.548080
0.656490 0.867225 0.557048
0.664227 0.873205 0.566145
0.672109 0.879076 0.575374
0.680107 0.884836 0.584706
0.688228 0.890467 0.594124
0.696435 0.895968 0.603616
0.704717 0.901322 0.613144
0.713058 0.906528 0.622715
0.721442 0.911571 0.632291
0.729858 0.916450 0.641853
0.738268 0.921155 0.651389
0.746673 0.925687 0.660865
0.755051 0.930036 0.670286
0.763373 0.934196 0.679600
0.771643 0.938176 0.688828
0.779827 0.941966 0.697918
0.787921 0.945567 0.706885
0.795910 0.948980 0.715699
0.803783 0.952208 0.724343
0.811525 0.955260 0.732821
0.819121 0.958130 0.741107
0.826578 0.960824 0.749209
0.833876 0.963348 0.757116
0.841005 0.965709 0.764819
0.847966 0.967920 0.772309
0.854761 0.969972 0.779592
0.861374 0.971887 0.786671
0.867816 0.973662 0.793533
0.874074 0.975308 0.800184
0.880158 0.976838 0.806631
0.886073 0.978251 0.812871
0.891812 0.979566 0.818919
0.897389 0.980779 0.824782
0.902804 0.981908 0.830467
0.908070 0.982952 0.835977
0.913190 0.983927 0.841331
0.918180 0.984839 0.846535
0.923052 0.985691 0.851612
0.927809 0.986497 0.856572
0.932476 0.987261 0.861430
0.937066 0.987985 0.866202
